# The times below are arrival times in seconds from opening.  In Fall 2019, 
# the Eight Fifteen opened at 07:30 (am) and closed at 01:00 (am) the next day.
# The first arrival was at 107.309s, or 1.79 minutes after 07:30; and the last
# arrivals was at 62392.831, or 17.33 hours after 07:30 -- just barely over
# ten minutes before closing at 01:00am.
#
107.309
265.373
267.205
269.461
409.006
627.248
705.699
711.107
830.735
831.999
1296.949
1383.856
1385.807
1433.969
1605.351
1845.09
2123.626
2140.283
2243.741
2326.799
2490.924
2505.149
2527.773
2613.128
2649.065
2650.377
2769.203
2809.238
3003.564
3128.657
3232.204
3312.326
3324.615
3341.247
3347.991
3410.809
3558.262
3586.022
3630.52
3631.128
3740.099
3747.323
3751.131
3776.748
3803.357
3803.845
3839.134
3857.855
3874.807
3897.168
3929.817
4041.836
4043.596
4045.141
4055.821
4089.422
4173.841
4207.073
4299.101
4307.765
4309.533
4311.229
4312.709
4314.373
4328.23
4350.518
4404.824
4407.832
4418.968
4420.672
4421.688
4423.752
4451.144
4460.209
4518.588
4519.227
4521.043
4522.547
4523.979
4540.38
4568.349
4602.022
4633.879
4635.055
4636.239
4655.56
4708.145
4745.274
4746.474
4777.723
4778.275
4807.028
4812.059
4883.446
4933.488
4962.217
5042.659
5107.973
5150.254
5199.28
5201.104
5211.336
5211.88
5282.603
5398.27
5459.248
5482.953
5519.05
5615.82
5619.789
5703.871
5747.462
5900.661
6027.305
6093.739
6137.906
6139.044
6171.125
6179.293
6335.922
6473.169
6576.842
6862.266
6894.547
6900.443
6952.253
6978.509
7046.104
7073.52
7169.81
7285.951
7287.534
7294.975
7402.883
7539.775
7540.51
7543.62
7571.391
7671.072
7672.208
7755.221
7774.982
7819.319
7835.711
7914.93
7920.674
7922.872
7992.492
8029.542
8208.546
8274.781
8316.286
8334.806
8442.209
8444.017
8445.272
8456.698
8465.106
8498.051
8528.316
8589.135
8590.461
8593.062
8643.111
8667.816
8734.931
8737.394
8752.299
8772.163
8790.268
8804.548
8839.298
8844.441
8902.894
8915.672
8917.287
8976.337
8983.306
8990.138
9026.961
9028.483
9029.915
9041.147
9049.54
9114.014
9124.734
9163.215
9165.223
9187.936
9195.712
9206.592
9218.737
9251.642
9272.362
9273.179
9280.899
9302.187
9320.396
9321.964
9332.452
9356.612
9358.013
9381.614
9417.831
9496.801
9498.281
9501.754
9508.137
9516.53
9522.834
9543.411
9640.062
9654.334
9656.23
9659.214
9661.462
9666.67
9678.239
9728.705
9787.826
9795.602
9797.762
9800.29
9863.836
9917.278
9919.51
9941.494
9943.886
9945.694
10009.977
10011.497
10019.204
10030.687
10042.616
10065.562
10066.505
10085.938
10119.531
10146.21
10218.214
10228.359
10245.279
10246.279
10247.935
10266.0
10266.728
10308.401
10310.977
10312.441
10319.369
10320.337
10329.146
10373.235
10398.956
10463.51
10497.005
10498.279
10553.161
10566.577
10567.977
10570.849
10697.141
10750.422
10790.272
10820.201
10827.641
10886.875
10972.629
10974.286
10981.485
10995.854
11186.519
11187.647
11202.571
11214.74
11216.508
11249.878
11284.247
11286.287
11288.143
11376.13
11412.571
11514.486
11516.118
11518.006
11523.326
11532.214
11551.959
11703.892
11891.841
11930.547
11987.829
11988.948
12252.543
12280.134
12499.796
12714.73
12715.962
12717.274
12753.963
12756.315
12959.289
12996.714
13014.899
13281.315
13372.806
13437.167
13553.506
13554.666
13584.804
13585.756
13598.812
13634.622
13682.087
13696.432
13711.392
13718.496
13720.12
13762.305
13813.947
13820.571
13829.291
13927.942
13951.119
13952.455
14035.762
14037.444
14038.473
14095.395
14097.379
14133.933
14160.078
14160.813
14213.383
14247.584
14248.064
14250.176
14314.298
14331.089
14421.853
14422.213
14491.568
14518.096
14541.961
14569.089
14601.707
14627.883
14670.525
14711.973
14763.744
14776.057
14777.665
14779.264
14784.033
14814.05
14822.738
14855.738
14880.059
14880.943
14896.668
14915.931
14963.918
14977.487
14979.062
15040.175
15043.096
15095.018
15185.797
15298.52
15313.281
15362.066
15366.722
15369.058
15370.914
15374.154
15401.444
15402.819
15411.411
15418.348
15428.564
15469.229
15469.325
15473.47
15495.422
15497.782
15507.303
15513.607
15515.999
15524.719
15530.936
15533.887
15549.432
15561.872
15608.113
15631.898
15637.01
15638.002
15648.307
15663.051
15689.356
15690.588
15702.14
15719.565
15786.671
15790.039
15800.902
15827.6
15838.549
15851.868
15911.603
15937.948
15984.814
15995.646
16051.063
16051.951
16064.248
16064.703
16085.72
16284.08
16307.503
16314.599
16369.747
16372.518
16417.162
16451.395
16513.342
16528.733
16542.158
16590.687
16682.002
16753.164
16768.373
16769.436
16848.312
16849.647
16942.098
16971.715
16974.547
17075.647
17089.294
17090.142
17097.99
17099.966
17101.318
17599.389
17615.342
17709.225
17710.52
17712.328
17720.865
17721.617
17739.056
17776.946
17777.506
17778.755
17796.171
17796.737
17800.747
17801.155
17925.551
18007.674
18008.409
18037.426
18080.284
18124.741
18126.341
18127.853
18148.75
18190.73
18236.48
18273.969
18299.53
18300.53
18302.226
18323.684
18337.755
18338.771
18394.797
18400.701
18470.528
18474.591
18495.856
18503.16
18638.069
18652.221
18717.087
18755.992
18757.488
18758.416
18765.008
18766.304
18767.784
18777.392
18831.498
18832.722
18834.018
18835.354
19165.301
19166.724
19287.719
19300.576
19342.298
19345.291
19346.637
19420.847
19430.439
19438.216
19439.607
19498.817
19603.037
19613.269
19679.927
19695.063
19697.343
19726.271
19781.994
19783.29
19785.178
19786.306
19787.73
19829.587
19882.381
20117.061
20142.269
20179.23
20269.641
20270.44
20271.592
20338.883
20346.203
20424.422
20497.443
20507.004
20509.116
20510.636
20527.011
20528.722
20554.262
20590.71
20635.463
20662.673
20733.939
20740.659
20756.795
20757.707
20807.325
20841.854
20843.134
20852.284
20853.423
20858.758
20868.255
20901.616
20902.919
20933.361
20969.602
20970.986
20973.153
21029.124
21030.051
21071.077
21077.917
21108.358
21116.886
21124.606
21138.063
21139.319
21154.559
21211.145
21212.273
21213.562
21243.322
21281.323
21283.739
21293.115
21305.332
21342.333
21455.641
21629.171
21630.667
21632.675
21875.11
21932.008
21950.873
21970.457
22115.71
22401.287
22561.803
22661.567
22662.045
22873.476
23054.009
23055.601
23106.233
23184.125
23402.236
23415.196
23541.752
23586.945
23588.121
23605.306
23735.414
23784.68
23877.034
23960.045
24056.926
24145.93
24160.322
24244.581
24297.278
24367.105
24445.444
24536.942
24580.863
24583.263
24678.666
24687.962
24745.98
24760.268
24783.285
24805.046
24806.966
24838.511
24843.598
24906.12
24976.811
24981.403
24982.483
24984.995
25045.821
25057.485
25066.805
25069.014
25099.718
25114.079
25147.4
25201.945
25203.225
25204.361
25217.075
25217.962
25218.795
25220.075
25250.836
25273.861
25340.391
25341.047
25496.707
25502.972
25506.388
25558.557
25644.12
25645.312
25737.665
25795.173
25804.357
25806.965
25830.733
25895.663
25907.992
25931.009
25941.665
25943.793
25977.386
26029.708
26031.673
26048.5
26078.909
26106.75
26159.28
26175.224
26175.864
26176.784
26203.873
26204.945
26206.96
26335.207
26337.561
26340.002
26355.185
26363.627
26392.117
26436.192
26442.679
26451.056
26452.847
26454.175
26456.072
26475.08
26476.584
26478.528
26502.529
26549.442
26552.228
26553.315
26566.275
26567.579
26578.355
26626.813
26669.718
26672.438
26680.998
26721.984
26723.464
26750.769
26765.665
26773.153
26776.241
26862.293
26962.999
27024.153
27041.656
27082.85
27097.626
27115.14
27115.899
27140.637
27210.183
27212.959
27244.471
27281.993
27309.113
27309.537
27369.1
27392.868
27413.108
27466.998
27468.294
27508.9
27585.154
27693.834
27700.414
27717.894
27770.824
27780.992
27781.984
27783.072
27798.561
27847.186
27870.811
28004.528
28038.76
28200.885
28212.813
28376.978
28427.571
28436.292
28497.118
28519.454
28590.288
28648.122
28758.671
28772.632
28775.206
28777.056
28857.114
28968.39
28969.942
28978.054
28979.686
29033.744
29085.066
29105.107
29122.338
29140.913
29141.723
29283.855
29286.703
29319.2
29320.144
29341.465
29367.714
29368.746
29413.603
29482.285
29577.712
29588.088
29590.64
29700.5
29701.38
29789.661
29926.255
29944.744
29970.696
29976.785
30033.411
30040.755
30072.476
30072.963
30073.42
30085.821
30191.016
30193.743
30364.525
30385.165
30386.325
30390.941
30446.895
30456.887
30485.489
30518.489
30543.065
30704.118
30705.639
30778.017
30832.754
30892.956
30897.636
31027.384
31028.832
31197.933
31210.006
31295.392
31296.513
31297.312
31331.298
31370.819
31375.139
31388.835
31451.309
31452.829
31464.493
31543.865
31589.45
31717.973
31753.582
31787.192
31841.825
31861.882
31871.84
31881.946
31900.996
31933.508
31935.788
31952.685
31955.78
31985.445
31997.782
31998.853
32014.998
32016.358
32017.446
32041.215
32070.896
32131.448
32132.857
32202.148
32290.007
32294.95
32311.27
32313.101
32397.826
32409.826
33186.698
33926.497
34228.032
35220.686
35778.879
35782.079
35840.161
35963.176
36189.677
36335.785
36336.216
36421.243
36439.179
36439.611
36503.238
36633.425
36634.921
36879.0
37001.06
37041.75
37091.647
37092.855
37105.918
37109.943
37166.001
37217.467
37262.421
37280.364
37290.645
37323.71
37381.936
37603.167
37608.574
37870.51
37935.969
37960.953
38045.283
38056.484
38096.069
38156.551
38189.864
38228.953
38298.764
38668.904
38763.778
39001.865
39008.993
39052.57
39175.4
39224.27
39233.447
39243.495
39330.866
39384.808
39534.92
39545.869
39546.24
39595.115
39616.648
39715.152
39910.588
40231.131
40243.515
40310.095
40313.16
40313.734
40446.99
40486.363
40696.777
40772.253
40810.818
40853.166
40853.731
40990.074
41004.958
41005.709
41145.208
41151.529
41192.627
41221.387
41242.01
41262.624
41267.195
41501.347
41566.61
41568.933
41570.313
41708.38
41811.886
41959.378
41967.61
41991.099
41992.755
42004.372
42018.092
42075.254
42133.071
42204.698
42331.061
42331.605
42332.213
42333.725
42343.038
42356.022
42424.336
42480.314
42503.258
42761.466
42851.444
42851.956
42852.604
42853.588
42908.654
42909.27
43125.82
43160.598
43404.725
43419.509
43526.752
43596.443
43624.276
43672.619
43736.783
43831.442
43833.586
43878.187
43880.483
43891.492
43893.452
43930.493
43948.102
44010.272
44013.12
44032.265
44033.16
44034.113
44047.28
44063.849
44155.636
44201.605
44202.405
44203.278
44246.279
44280.504
44281.312
44305.865
44306.576
44344.538
44363.258
44488.614
44489.39
44536.088
44547.632
44592.666
44593.273
44759.503
44779.367
44821.879
44823.024
44851.993
44864.202
44913.579
44915.035
44915.963
44978.654
45058.844
45060.06
45061.045
45081.71
45082.438
45084.286
45098.96
45235.117
45262.876
45263.822
45303.735
45367.345
45427.531
45429.051
45434.947
45465.308
45466.948
45467.772
45473.349
45492.797
45500.981
45506.269
45512.925
45514.685
45515.141
45515.677
45537.47
45539.822
45591.712
45594.76
45596.287
45641.217
45691.386
45770.109
45805.35
45806.902
46041.661
46043.789
46118.566
46129.071
46142.816
46161.457
46172.969
46232.762
46299.933
46300.637
46322.11
46322.79
46323.533
46341.918
46385.736
46515.612
46517.763
46528.291
46560.08
46644.511
46647.471
46682.705
46686.457
46688.409
46689.881
46698.609
46701.801
46741.954
46768.979
46769.987
46771.251
46804.669
46814.701
46834.997
46874.846
46900.375
46904.279
46918.32
46960.633
46991.258
46996.258
47153.967
47163.567
47207.328
47208.817
47282.811
47313.14
47315.963
47326.78
47535.354
47605.348
47692.638
47703.118
47705.575
47740.536
47835.41
47879.852
48074.017
48126.107
48181.46
48285.352
48286.28
48287.016
48460.765
48462.973
48552.752
48559.968
48567.844
48569.846
48649.619
48776.991
48840.281
48868.178
48869.026
48870.826
48883.234
48910.786
48965.805
48976.901
49006.254
49006.886
49010.398
49048.959
49067.151
49103.233
49136.37
49169.786
49282.783
49354.561
49457.508
49506.125
49507.669
49520.885
49548.982
49624.921
49787.123
49852.312
49869.495
50072.766
50074.75
50159.841
50166.856
50222.859
50266.388
50296.517
50328.574
50329.085
50437.113
50440.249
50452.344
50571.238
50584.717
50585.437
50635.767
50636.727
50694.305
50721.881
50723.009
50797.163
50811.54
50812.724
50851.925
50853.157
50868.326
50881.454
51041.236
51103.821
51119.214
51119.725
51130.79
51225.721
51250.082
51498.215
51524.346
51637.757
51715.496
51765.785
51788.146
51875.94
51876.693
51890.717
52014.325
52086.025
52213.029
52252.046
52271.35
52273.294
52294.672
52307.536
52307.719
52309.808
52310.736
52311.752
52322.464
52380.618
52462.06
52462.356
52542.375
52543.711
52591.312
52667.347
52667.546
52667.73
52756.102
52872.617
52873.712
52999.668
53000.3
53029.213
53045.143
53209.65
53224.099
53224.523
53233.851
53393.384
53393.672
53784.589
53917.495
53977.769
53978.017
54299.035
54378.342
54579.716
54660.375
54660.598
54660.886
54748.674
54794.658
54903.254
54970.742
55084.019
55084.187
55131.269
55131.476
55131.756
55168.054
55214.767
55319.49
55521.056
55652.486
55895.07
55895.79
55898.174
56001.505
56078.155
56086.217
56086.369
56097.26
56145.477
56241.129
56459.038
56552.562
56624.933
56754.491
56754.66
56784.469
56904.432
56905.568
57202.22
57207.249
57221.474
57232.058
57343.485
57398.791
57400.231
57464.376
57469.199
57752.626
57755.194
57787.525
58031.138
58080.228
58232.88
58233.168
58421.534
58422.47
58456.831
58456.999
58545.81
58545.993
58833.611
59064.041
59344.082
59361.418
59522.559
59577.552
59586.888
59601.409
59634.418
59790.727
59938.356
60030.096
60030.198
60432.387
60442.707
60518.35
61193.458
61294.036
61295.654
61297.607
61299.887
61302.034
61304.217
61652.369
61652.83
61690.761
61691.232
61771.259
62156.639
62157.742
62271.898
62392.831
